data/Landuse_land_cover__as_read_into_SWB.asc
NCOLS        200
NROWS        173
XLLCORNER     545300.000
YLLCORNER     432200.000
CELLSIZE        180.000
NODATA_VALUE          -9999
[rows 48 to 95 of 173, columns 96 to 191 of 200]
5 5 43 43 43 43 43 43 1 1 1 1 1 12 1 141 141 176 1 1 141 37 5 5 5 5 36 36 36 36 36 36 36 1 1 1 5 36 141 141 141 36 141 190 141 36 122 37 36 36 1 1 1 36 141 141 141 36 141 141 141 141 141 141 141 141 141 141 141 36 141 141 141 5 5 1 1 1 5 1 36 36 36 36 1 24 24 1 141 1 121 141 176 36 141 141
5 5 43 43 43 1 43 43 43 43 43 1 1 1 176 141 141 141 141 1 1 121 1 1 5 5 176 176 37 36 176 1 1 176 1 1 5 1 36 141 141 141 176 141 1 176 1 1 141 36 36 36 176 36 36 141 36 176 141 190 141 141 142 190 176 24 141 141 143 36 141 141 141 5 1 1 1 1 5 36 176 141 176 141 141 141 36 36 141 141 24 1 1 36 36 141
190 141 1 5 1 1 206 53 1 12 1 1 36 1 176 141 141 141 141 1 141 122 1 1 5 141 142 190 5 5 5 5 5 1 1 1 1 36 36 141 141 141 141 121 176 1 176 1 1 1 36 176 141 141 141 36 141 176 141 141 141 141 142 141 36 36 141 141 190 176 37 28 58 5 5 1 1 1 190 36 36 36 141 141 141 141 141 141 141 141 24 1 1 36 36 141
141 141 141 5 5 1 53 53 5 12 1 12 36 36 1 141 141 141 141 1 5 141 122 176 1 141 1 1 5 5 1 1 5 1 1 1 141 141 36 141 141 141 141 36 36 176 5 5 141 5 36 36 141 141 141 141 141 141 141 190 141 176 141 141 141 27 141 141 1 141 1 176 1 36 36 36 36 141 142 190 141 141 141 141 141 141 141 1 141 141 141 5 5 1 36 141
141 190 141 141 1 5 53 53 1 12 12 12 36 43 36 141 141 1 176 142 141 141 176 176 141 141 36 36 5 5 43 43 43 43 1 1 121 121 141 141 141 141 195 141 36 36 36 5 141 5 36 36 36 141 141 141 141 141 141 141 36 36 141 141 141 143 143 141 141 1 1 1 1 36 36 195 141 1 1 1 1 141 141 141 141 176 141 1 141 141 141 141 5 1 36 1
190 141 143 1 5 1 53 53 1 12 1 12 36 36 1 142 141 176 141 141 141 121 141 141 141 176 36 1 1 5 43 43 43 43 1 36 176 176 141 141 141 176 1 1 176 176 36 36 141 141 141 141 141 141 143 141 141 141 190 141 190 141 141 141 36 141 141 141 141 141 141 121 36 1 121 36 27 5 24 121 141 121 121 36 121 121 141 141 1 1 1 36 176 36 176 5
141 190 141 141 141 141 53 1 1 12 1 1 1 1 176 195 141 195 141 141 36 36 141 1 1 141 36 1 141 43 43 43 43 43 1 36 36 141 141 190 143 141 1 1 1 36 176 141 141 141 141 141 141 141 141 141 141 141 141 141 141 141 141 141 37 37 176 141 141 141 141 36 36 1 1 27 27 5 27 36 141 141 176 36 141 190 141 176 190 1 121 36 53 36 176 1
141 141 141 141 141 141 53 53 12 12 12 12 1 176 141 176 1 141 1 121 121 121 36 36 141 141 141 1 141 43 43 43 1 141 141 176 141 141 141 142 141 141 36 36 141 36 176 141 190 141 141 141 141 141 141 141 141 141 141 141 141 141 141 141 141 141 190 141 141 141 36 36 141 1 1 27 27 5 1 36 36 141 1 36 1 141 176 141 141 176 1 36 36 141 141 141
141 141 141 1 53 53 53 53 1 12 12 12 1 1 141 176 1 36 141 36 36 1 141 176 36 176 141 141 141 36 1 1 141 141 141 176 141 141 141 141 141 176 36 37 176 195 1 176 190 142 141 141 141 141 141 141 141 141 141 141 141 141 141 141 24 141 1 1 36 190 141 36 36 36 36 36 1 36 1 36 36 36 36 142 36 190 176 121 141 141 141 141 190 190 141 141
141 141 141 53 53 53 176 53 1 1 1 1 1 1 141 141 141 36 141 141 36 121 1 1 42 42 43 36 36 36 36 1 141 141 1 141 141 141 141 1 36 176 36 36 1 36 195 1 141 142 141 141 141 141 141 141 141 141 141 190 190 190 176 176 141 190 141 1 141 142 141 36 36 1 1 43 1 1 141 190 141 141 141 141 141 36 141 141 141 141 141 141 141 141 141 141
141 141 1 43 43 43 176 12 1 1 1 1 27 27 190 141 141 141 142 36 36 121 176 176 36 141 1 1 36 141 141 141 141 141 1 141 141 141 1 1 36 36 36 176 1 36 36 141 141 141 141 142 141 141 141 141 141 141 141 190 143 141 141 141 141 141 36 176 1 176 43 36 36 36 28 1 1 141 190 111 190 195 111 111 190 121 141 111 111 111 111 141 141 143 143 141
5 12 12 43 43 43 43 43 53 53 53 53 36 27 141 141 190 1 141 176 141 36 1 1 1 1 141 121 36 141 36 36 36 141 141 1 1 36 1 1 36 141 1 36 176 176 36 143 141 141 141 141 141 141 141 141 141 141 141 190 141 141 141 1 141 141 141 21 1 36 176 141 36 141 141 176 24 190 190 111 121 111 111 111 111 141 141 141 111 111 190 141 111 190 111 190
141 12 12 1 43 43 43 26 53 53 53 53 141 141 143 141 141 141 195 1 141 121 1 1 1 1 141 28 36 53 1 1 1 36 1 1 1 36 141 36 141 141 1 1 36 152 36 141 141 142 141 141 141 190 141 141 141 36 1 190 141 141 141 36 176 141 141 176 1 36 176 141 190 141 111 141 142 190 190 141 142 111 111 142 141 111 111 141 141 190 190 141 141 111 141 141
141 12 12 12 12 12 12 12 43 36 43 1 141 141 141 141 141 141 195 1 1 141 1 1 1 1 141 142 141 36 1 1 141 36 141 36 122 121 141 141 141 1 1 1 36 141 141 141 176 36 36 142 141 141 141 141 141 141 36 141 190 195 36 36 36 36 141 190 141 143 190 111 111 111 141 36 36 5 1 190 141 111 121 190 143 190 141 1 1 1 141 141 141 176 36 36
141 1 1 36 12 12 12 12 1 5 43 43 1 141 176 141 142 141 141 141 141 121 121 121 1 1 121 121 176 141 141 1 176 141 36 36 36 36 36 141 1 176 5 1 36 36 36 36 1 36 36 36 141 141 141 141 190 141 176 190 141 190 141 176 121 121 195 190 141 141 195 111 111 190 1 1 36 36 141 1 1 1 1 141 1 141 36 36 123 36 121 141 141 141 36 36
195 12 12 43 43 43 43 36 141 1 43 43 1 141 141 142 142 141 141 36 176 176 1 1 1 1 176 141 176 1 141 141 141 1 141 36 43 36 36 141 141 141 36 36 1 1 1 1 141 36 36 36 141 141 190 190 141 141 141 121 190 141 141 141 1 141 122 141 141 195 1 1 190 143 36 1 36 36 36 1 1 1 1 141 1 1 36 24 121 36 36 141 141 176 141 141
195 12 12 43 43 43 43 1 1 12 12 43 43 43 1 142 141 190 141 176 141 36 1 1 1 1 141 176 141 141 190 141 1 1 141 176 36 36 36 176 176 1 141 141 141 141 141 141 1 121 36 36 176 143 141 190 190 190 141 121 141 141 141 141 1 27 141 190 176 176 141 36 176 141 141 141 141 141 141 141 141 141 141 1 1 1 36 24 36 36 141 141 141 141 36 141
195 1 12 43 43 43 43 43 12 12 12 43 43 43 1 190 141 141 36 37 141 1 1 1 1 42 176 141 141 1 1 141 176 195 141 190 142 141 141 141 141 141 141 141 141 141 141 141 1 1 36 225 141 141 141 143 141 190 141 141 141 190 141 141 141 37 121 141 176 141 141 141 141 141 141 143 141 141 141 141 141 141 36 36 1 1 24 24 121 36 141 141 141 141 176 190
176 37 141 1 43 43 43 43 12 12 12 5 5 5 1 142 141 141 1 37 176 141 141 1 1 36 141 141 141 141 141 141 36 36 141 141 36 36 176 121 141 141 141 176 121 121 121 122 121 1 141 141 141 190 143 143 190 141 141 141 190 141 141 141 141 141 121 141 141 176 36 141 141 141 141 141 141 141 141 141 141 141 141 141 141 141 141 141 141 141 141 141 141 141 141 190
36 141 141 141 43 43 43 5 176 12 12 5 5 1 1 142 142 176 176 36 36 141 141 141 141 142 141 141 141 141 141 141 1 141 141 1 36 36 36 121 176 141 141 141 141 176 176 141 1 1 141 141 141 190 141 141 190 141 141 141 190 141 141 141 141 141 141 121 121 141 141 143 143 141 176 141 141 141 141 141 141 141 141 141 141 141 141 141 36 176 176 141 141 141 1 141
36 36 195 43 43 43 43 43 1 36 141 36 176 36 141 141 141 176 37 36 1 1 1 141 141 141 141 141 141 141 141 141 141 141 141 176 141 36 250 1 1 141 141 141 141 141 141 141 176 36 141 141 141 190 141 141 190 141 141 141 141 141 141 141 141 141 141 141 141 195 141 111 111 24 176 121 141 141 141 141 141 141 141 141 141 141 141 141 1 1 141 141 141 141 1 5
141 141 1 43 43 43 43 43 1 36 141 36 36 176 36 141 141 141 1 1 1 1 1 1 141 176 142 141 141 141 141 141 141 141 141 36 36 36 141 1 141 141 121 141 141 141 141 176 1 36 37 176 176 176 141 190 121 143 190 141 141 141 141 141 141 141 176 141 141 111 142 111 111 141 176 1 1 36 141 141 1 1 1 1 141 141 141 5 121 141 141 141 141 1 141 5
12 12 12 1 53 53 53 1 176 36 36 1 1 1 36 176 141 141 1 1 1 1 1 1 1 1 176 176 36 141 141 141 141 141 36 36 141 141 141 141 141 141 141 141 141 142 142 141 176 1 141 176 176 1 141 141 176 141 141 141 141 141 141 141 141 36 1 141 141 190 190 190 141 1 1 36 1 36 36 141 141 141 1 1 36 36 36 1 141 36 176 141 141 1 141 141
142 12 12 53 53 53 53 42 36 36 36 1 1 141 176 36 176 1 1 1 1 1 1 1 1 141 121 121 141 141 141 141 141 142 176 176 36 141 176 141 141 141 141 141 141 141 141 176 36 141 36 36 36 141 141 143 176 36 36 141 190 141 176 141 1 36 1 1 141 141 190 190 1 141 1 5 1 36 36 1 176 1 190 36 37 141 190 143 121 141 141 141 141 141 141 141
12 12 12 27 43 43 43 176 176 141 36 1 141 141 36 141 176 1 1 1 1 1 1 1 1 1 141 141 141 141 141 141 141 36 1 141 141 141 141 141 141 141 1 1 36 1 1 37 36 36 37 141 141 152 141 190 36 36 36 141 1 36 176 36 176 5 1 1 141 141 141 1 1 1 141 1 1 36 36 1 121 24 141 36 1 141 141 141 121 141 141 141 141 1 1 141
12 12 12 36 43 43 43 27 176 122 1 1 141 141 141 143 141 176 36 121 1 1 1 1 176 1 176 141 143 141 176 176 1 36 36 36 141 141 141 195 141 141 141 141 141 36 1 36 121 36 176 141 141 141 141 141 141 36 141 141 1 1 36 36 1 36 176 1 1 141 36 1 1 1 1 5 1 36 36 121 141 111 111 176 141 141 121 121 121 141 141 141 1 141 141 1
12 1 12 122 122 123 123 123 121 122 141 176 141 141 141 121 141 1 36 36 36 36 1 141 36 176 176 141 121 142 122 176 121 121 121 141 141 190 141 141 141 141 141 141 141 36 1 36 1 36 121 141 141 141 141 141 141 36 141 1 1 1 1 36 1 36 1 1 36 36 36 36 1 36 36 36 1 1 1 1 111 111 111 111 141 141 111 111 121 141 176 141 141 141 141 141
12 12 12 36 36 141 36 176 142 12 141 123 121 141 141 141 141 176 36 36 36 141 36 142 36 176 1 1 141 1 122 141 141 141 1 190 176 141 141 176 176 141 176 141 141 141 1 36 1 36 121 141 141 1 141 1 141 1 36 141 36 1 1 195 1 36 141 1 1 37 36 36 1 36 36 36 1 1 1 1 190 111 111 141 141 111 111 111 121 176 1 36 141 141 190 111
1 1 1 141 141 141 1 1 141 141 176 141 141 122 176 141 141 37 176 36 176 36 1 141 36 36 141 141 176 141 143 142 176 1 141 36 141 1 141 1 141 121 141 37 141 36 1 1 36 141 121 36 141 1 1 1 1 36 36 141 36 36 1 1 36 36 1 1 1 141 141 36 36 36 36 1 141 141 142 190 141 1 36 141 141 111 141 121 121 176 141 36 36 141 141 190
1 1 1 141 141 141 1 1 176 141 1 1 141 141 122 141 190 1 36 37 36 1 1 141 27 36 1 37 1 176 141 1 1 1 141 176 176 176 141 141 141 190 176 121 122 176 141 1 36 141 141 1 176 141 141 195 1 36 37 141 36 36 1 1 36 36 176 1 1 141 1 36 36 36 1 1 141 141 141 121 141 1 1 141 121 141 190 190 121 141 141 176 141 141 141 141
1 1 1 141 141 141 1 1 190 1 1 141 141 141 141 122 176 1 36 176 176 141 1 141 176 141 141 176 141 143 141 1 1 1 141 141 141 141 141 141 141 1 36 1 1 1 1 36 141 141 176 36 176 1 1 141 1 141 141 190 141 190 190 141 141 141 36 1 36 141 1 36 141 190 36 38 1 1 1 1 176 176 1 1 1 1 141 190 121 36 36 141 1 141 190 141
42 42 36 141 141 141 42 1 176 176 176 141 141 141 141 176 122 36 37 176 176 1 1 36 176 190 141 141 141 1 1 1 1 1 190 141 141 1 1 1 5 1 1 1 1 1 1 43 141 141 141 1 176 141 141 141 141 141 141 190 121 176 36 36 141 190 36 1 1 141 1 141 36 143 190 176 24 36 36 36 141 142 1 1 1 1 141 141 36 141 141 5 5 143 143 141
5 27 176 141 176 36 122 141 176 176 176 141 141 141 141 176 122 122 141 36 37 36 36 176 36 142 141 141 36 1 122 1 1 1 1 141 37 1 1 1 1 1 1 176 5 36 36 176 141 176 141 195 141 141 141 141 176 1 141 141 190 121 36 36 1 1 1 1 1 141 190 36 36 36 36 141 1 1 1 141 190 142 143 1 1 141 176 36 121 141 141 1 1 141 141 141
176 42 176 176 37 141 141 141 121 122 121 176 141 141 142 121 176 176 121 141 141 176 176 121 176 142 141 142 142 36 1 1 1 142 1 36 36 1 1 141 141 141 141 141 1 1 36 141 176 176 36 36 1 36 1 1 1 1 141 141 1 141 141 1 1 1 1 1 1 141 141 141 141 141 141 1 1 1 1 141 1 5 1 1 1 1 36 36 176 141 141 36 36 141 1 141
53 176 176 37 36 176 141 121 1 176 141 141 141 141 141 176 176 1 5 122 122 121 122 176 176 1 1 141 36 141 1 141 1 142 1 36 36 1 1 36 36 36 36 36 141 176 141 141 176 36 176 36 36 1 1 1 1 1 36 36 176 141 121 1 1 1 1 1 1 1 190 141 141 1 1 1 1 1 1 1 1 1 1 1 1 1 1 1 121 176 1 36 36 1 1 176
53 176 176 36 36 141 142 36 1 141 141 176 141 1 141 121 176 1 5 42 42 122 122 1 36 1 1 176 1 1 121 121 141 36 1 141 141 1 1 141 141 190 142 142 176 141 1 176 36 36 141 36 36 37 36 36 1 190 141 1 176 141 190 1 1 1 1 1 1 141 1 1 1 1 1 1 1 1 1 1 5 5 1 1 1 1 1 141 121 141 1 176 176 1 1 141
53 53 176 36 141 141 1 122 37 142 176 141 141 141 1 141 176 1 1 42 176 1 21 121 1 152 141 141 1 1 121 36 141 141 141 5 5 195 141 141 141 141 142 141 37 141 141 141 176 36 176 1 36 53 36 36 1 141 1 1 141 141 190 141 1 1 1 1 1 121 1 121 1 1 1 1 1 1 1 1 5 5 121 121 121 121 121 121 122 121 121 1 121 122 121 121
1 141 141 176 141 141 1 121 142 141 176 142 141 141 5 42 36 1 5 1 121 42 122 176 1 121 142 142 141 141 121 141 36 141 141 1 176 21 36 141 141 141 141 141 141 36 1 141 36 190 1 1 1 141 141 141 1 36 36 36 36 141 190 141 141 141 1 1 141 143 141 1 1 141 1 38 24 1 1 1 141 1 141 141 141 1 5 36 36 176 1 1 141 1 1 36
190 141 141 141 141 141 43 43 142 141 141 141 1 1 176 36 176 1 1 111 111 141 121 176 131 131 176 176 121 121 122 122 122 122 121 122 121 176 176 141 141 141 141 141 37 176 1 53 1 1 36 36 37 176 37 1 1 36 36 36 1 1 176 190 141 36 176 38 141 141 141 141 1 141 141 27 141 1 1 141 141 141 141 141 141 141 1 141 1 1 1 1 1 1 1 1
141 141 141 141 141 43 43 176 141 141 141 142 1 1 1 36 176 1 1 42 42 42 176 42 124 131 131 12 141 190 141 141 176 1 1 176 1 1 121 1 1 1 36 36 141 176 141 43 36 1 1 1 42 141 1 1 1 36 1 36 176 176 176 176 141 36 36 176 141 141 1 5 141 141 141 141 141 141 141 141 141 141 141 141 141 5 5 5 1 1 1 1 1 1 1 141
141 141 141 141 141 141 42 42 141 142 142 195 36 1 1 36 176 152 36 131 1 36 5 1 5 42 131 176 176 5 176 141 176 36 141 1 1 141 141 121 121 176 176 37 1 1 36 141 1 36 36 1 1 1 1 1 1 36 36 36 36 36 141 141 141 141 122 141 141 141 5 5 141 141 141 141 141 141 141 141 141 141 141 141 141 1 141 141 141 141 141 141 1 1 141 141
141 141 141 141 190 190 42 121 141 141 142 121 1 37 36 36 152 176 141 141 190 176 141 176 5 142 12 1 36 1 36 36 141 141 121 5 5 5 141 36 36 121 176 176 1 1 12 1 176 36 1 1 1 176 1 42 111 176 36 1 36 141 141 121 190 141 36 122 122 141 1 1 24 1 141 36 141 141 141 141 141 141 141 141 141 141 141 141 141 141 141 141 141 142 190 141
141 141 141 141 43 43 122 121 176 176 176 122 1 36 176 141 176 142 141 37 36 36 36 1 141 141 1 176 36 1 176 36 36 1 43 141 5 141 36 36 1 36 121 1 12 1 1 12 36 36 36 1 1 1 1 195 176 141 195 141 36 1 36 176 190 1 141 141 122 141 1 1 195 1 1 43 36 36 1 121 36 36 141 141 141 141 141 141 141 141 141 1 1 1 141 141
141 141 141 43 43 43 43 43 1 1 37 1 36 36 42 176 176 36 36 1 36 122 122 121 141 1 1 36 141 1 176 36 1 1 36 141 141 141 36 36 36 36 36 122 121 1 36 43 176 37 1 1 1 1 1 141 141 141 141 141 141 141 36 141 141 190 121 121 141 141 141 36 36 1 1 1 36 36 1 1 36 36 1 141 141 141 141 141 176 176 5 1 1 141 141 141
141 141 143 1 43 42 36 122 1 1 1 141 142 1 1 141 176 1 1 1 36 1 1 1 141 1 141 1 176 1 36 36 121 141 121 176 141 141 36 176 36 43 5 36 1 122 37 36 36 1 176 1 141 1 141 141 141 141 141 36 36 141 141 141 142 111 190 12 141 190 141 36 36 1 1 1 36 36 1 1 36 36 24 176 36 36 36 176 1 1 5 1 1 142 143 121
141 141 141 5 12 176 12 122 1 1 141 141 141 36 36 1 176 36 1 1 36 1 1 141 141 141 176 1 141 176 36 36 1 1 1 141 176 36 36 1 1 36 121 36 1 36 176 121 1 141 141 176 1 176 43 12 141 36 190 36 1 36 36 141 111 111 190 121 1 143 143 142 142 141 1 1 36 24 1 1 1 141 176 5 176 36 141 1 1 5 1 1 1 121 121 141
141 141 141 190 1 1 1 121 1 141 141 142 142 1 36 36 36 176 36 1 36 1 1 141 1 36 36 1 36 36 36 36 1 1 141 36 36 36 36 1 1 36 141 141 1 36 1 176 121 28 36 43 43 141 43 12 1 37 141 176 176 176 36 36 141 141 141 141 36 121 190 141 190 142 142 36 176 1 1 1 141 141 5 5 36 36 141 1 141 1 1 141 141 141 141 141
141 141 1 5 43 5 1 121 122 176 141 141 142 36 176 36 36 36 43 43 4 176 5 141 1 36 141 141 36 36 141 141 1 1 1 36 141 36 36 36 36 36 176 141 1 121 141 176 1 122 121 43 43 176 43 1 1 36 36 37 37 141 141 176 141 141 141 176 141 141 141 190 141 141 37 142 142 142 142 141 121 121 36 36 1 1 1 1 1 53 53 141 141 141 141 141
