data/Landuse_land_cover__as_read_into_SWB.asc
NCOLS        200
NROWS        173
XLLCORNER     545300.000
YLLCORNER     432200.000
CELLSIZE        180.000
NODATA_VALUE          -9999
[rows 0 to 47 of 173, columns 96 to 191 of 200]
141 37 190 190 190 190 190 190 190 190 190 190 142 1 190 141 195 195 27 1 1 195 195 141 195 141 1 1 190 190 195 141 190 1 141 195 36 142 141 1 1 36 1 1 123 36 1 36 36 141 190 190 141 1 141 12 5 12 141 1 176 141 141 141 141 190 1 37 141 36 36 36 37 176 141 190 190 190 142 1 142 141 141 141 141 141 176 141 190 190 190 141 190 190 190 141
141 141 190 190 141 190 190 190 190 190 190 190 190 141 37 190 1 1 141 176 1 141 1 141 141 1 1 195 190 195 190 141 142 141 141 195 176 142 121 36 141 36 1 1 121 121 1 36 36 36 190 190 1 1 190 12 5 141 190 141 1 1 1 141 141 141 1 28 141 36 1 43 37 58 142 141 142 141 141 141 141 141 141 1 1 122 141 190 190 190 141 190 190 190 176 141
141 141 190 190 141 141 190 190 190 190 190 190 142 36 1 1 36 36 141 111 111 111 190 190 141 141 121 1 36 141 190 141 142 141 111 195 142 142 121 141 176 1 1 36 36 36 1 190 190 190 190 190 190 190 190 190 141 190 141 142 176 36 36 141 141 141 141 121 37 36 53 53 43 43 195 141 141 5 27 1 36 141 1 195 36 176 141 176 141 190 190 195 176 141 121 190
141 111 142 141 190 141 195 190 141 190 190 190 190 36 1 1 1 1 142 142 176 111 111 190 176 141 142 1 1 1 141 195 111 195 1 141 176 36 142 1 190 36 1 36 36 36 190 141 190 190 190 141 141 190 141 141 141 141 141 142 1 36 36 190 141 121 1 141 176 36 37 1 1 176 176 1 1 1 36 36 141 141 141 141 36 122 176 36 143 190 190 190 141 141 121 190
142 141 190 141 141 195 141 141 195 190 190 190 190 1 37 176 36 36 1 1 36 141 121 121 176 195 121 37 5 5 195 141 111 143 1 1 36 36 1 5 243 36 36 1 36 176 190 190 141 141 190 143 190 141 141 1 143 143 190 1 1 141 141 143 141 121 121 121 1 176 1 1 141 141 27 43 1 1 1 37 141 141 190 1 36 53 24 141 141 141 190 141 121 143 141 190
190 190 141 141 141 141 143 141 141 190 190 190 190 195 1 176 36 1 1 1 36 1 1 1 142 141 142 5 5 1 1 1 1 1 111 176 36 141 36 5 1 36 36 27 36 36 190 190 190 190 190 190 190 190 190 141 141 190 190 1 36 36 36 141 111 111 111 121 122 176 1 1 36 141 27 43 1 1 1 53 53 53 141 1 1 121 27 24 141 141 5 141 141 141 141 36
190 141 141 142 142 141 141 190 141 190 190 190 190 141 141 141 142 142 142 1 195 1 36 1 143 190 142 1 195 195 1 142 1 141 195 1 141 141 141 141 141 142 142 36 36 58 141 190 190 143 141 141 141 190 190 190 190 190 190 36 36 36 36 37 141 123 176 141 141 1 1 190 195 141 27 43 1 1 36 53 53 53 141 1 1 37 141 1 1 1 176 190 141 143 141 143
141 141 141 141 190 37 142 190 141 141 190 190 190 141 36 141 142 142 141 141 141 176 142 190 190 141 141 141 37 141 37 1 5 5 5 1 141 141 190 190 190 190 142 36 176 36 190 190 190 141 27 27 27 141 190 190 190 190 190 176 36 36 36 36 176 123 123 122 124 122 121 176 5 5 27 43 1 1 123 53 53 53 36 1 1 121 37 38 1 1 1 142 141 111 141 1
141 141 190 141 141 141 141 36 176 141 190 141 190 141 36 141 36 141 141 190 142 142 142 190 143 141 141 141 1 1 141 141 190 141 141 190 190 143 190 141 190 142 190 190 141 141 190 190 190 37 195 5 27 1 190 190 190 190 190 143 121 121 5 5 122 1 122 122 121 122 122 122 121 122 122 12 121 12 121 1 122 5 5 5 37 176 1 124 123 141 141 1 141 141 141 1
141 190 141 195 190 195 36 36 36 1 141 141 190 190 36 36 141 36 176 141 152 142 142 143 141 141 141 141 141 141 141 141 141 141 141 190 190 190 190 190 190 142 142 190 190 190 190 190 36 190 141 23 27 27 36 36 141 141 141 142 195 5 5 5 5 5 12 5 1 1 1 141 1 36 12 12 12 12 121 1 1 5 5 5 176 141 36 111 141 121 12 12 141 141 141 141
141 141 141 121 141 141 36 36 36 1 1 121 190 141 141 190 141 36 141 143 141 142 143 141 141 141 141 141 141 141 141 141 141 141 141 190 190 190 190 190 190 190 141 141 141 141 141 176 36 141 36 36 27 176 141 122 121 141 190 141 121 1 5 12 5 5 141 37 141 1 1 141 5 12 5 5 12 5 12 1 1 1 141 1 141 36 141 37 141 195 121 122 176 121 121 121
141 141 142 142 195 1 1 1 1 121 1 141 141 141 141 190 142 141 143 141 141 190 190 190 190 141 190 141 141 141 141 141 190 190 190 190 190 190 190 190 141 36 1 190 176 122 121 121 141 1 1 176 5 5 141 36 1 142 142 176 1 12 12 12 12 12 36 143 141 1 1 1 1 5 5 5 5 5 176 1 1 1 141 36 143 36 1 36 1 141 36 24 176 36 190 141
141 143 141 190 141 36 36 36 36 36 1 121 36 195 176 141 141 141 143 190 190 141 190 195 141 143 141 190 143 141 141 141 190 190 190 190 143 141 190 190 37 122 190 36 1 1 141 36 1 1 5 1 5 5 36 36 1 142 190 1 1 12 12 12 12 12 176 141 143 141 141 43 43 43 5 5 5 5 1 141 176 1 1 122 1 121 1 1 141 141 141 141 141 176 141 141
1 190 190 190 141 36 36 36 1 195 36 176 190 141 176 36 141 142 142 141 141 141 141 143 195 176 141 141 141 141 176 141 141 141 143 141 141 143 141 121 1 1 190 141 1 195 195 141 36 5 5 5 1 36 141 142 190 142 141 1 1 1 12 12 12 5 1 141 190 141 141 43 43 43 1 1 1 1 1 1 1 5 12 12 12 12 1 1 36 5 141 190 190 141 141 111
121 195 190 121 121 36 36 36 36 36 37 141 190 141 1 1 36 190 141 142 143 190 141 121 141 176 141 142 190 36 141 141 111 141 1 141 142 190 121 190 141 190 190 190 190 141 176 37 176 5 5 36 36 36 142 141 142 176 141 1 195 1 12 12 12 141 1 1 190 141 143 1 43 43 141 1 1 1 1 111 1 12 12 5 5 1 1 1 1 5 1 195 141 141 141 141
121 141 190 141 1 1 1 36 36 36 1 121 141 36 1 1 1 141 141 142 1 176 121 1 142 141 190 142 142 141 141 141 141 1 36 142 142 121 142 141 190 141 190 190 190 190 1 141 141 1 36 176 1 176 141 141 141 43 1 111 12 37 1 1 1 141 141 141 190 190 190 141 36 36 36 141 141 141 36 36 1 1 1 141 141 190 1 141 1 5 1 141 195 141 141 141
121 141 141 190 190 190 141 1 141 36 1 121 1 36 1 1 1 142 143 142 142 36 1 1 1 176 176 142 142 121 141 141 141 141 141 141 141 142 142 190 141 143 141 141 190 190 141 141 190 36 36 36 36 1 141 141 141 43 5 12 1 1 1 1 1 141 195 190 190 190 141 141 141 176 36 36 36 37 36 1 1 1 141 141 141 141 141 141 1 1 190 141 176 141 1 5
121 141 142 190 190 190 190 190 1 141 36 141 1 36 5 1 42 190 141 142 141 1 1 1 1 176 142 142 176 141 141 143 141 190 141 141 141 141 141 143 190 190 190 190 190 141 190 190 190 143 36 36 1 141 141 141 141 141 111 190 190 12 12 12 12 12 36 36 190 190 36 142 141 36 1 143 141 36 36 1 1 36 143 141 141 141 141 141 141 1 1 141 111 5 1 5
176 141 142 190 190 190 176 190 1 36 36 121 36 42 36 1 1 121 141 141 195 141 195 141 176 1 1 142 190 121 141 143 142 141 190 141 190 141 143 190 190 141 190 190 190 190 190 190 190 190 1 1 141 141 141 141 190 141 141 141 141 12 12 12 12 1 36 36 36 36 36 141 36 36 141 143 36 1 1 1 141 36 190 141 190 190 190 141 141 1 1 176 141 5 43 1
141 176 37 141 141 141 195 1 1 121 1 1 195 122 1 121 121 195 141 141 141 141 190 141 36 1 141 176 176 190 176 141 152 142 142 5 141 190 141 1 1 141 190 141 190 141 190 190 190 190 190 1 141 141 141 190 190 190 190 141 5 1 12 12 5 5 121 122 36 1 141 141 141 152 1 36 36 1 1 5 1 176 37 141 141 190 141 141 142 141 1 1 141 141 176 141
36 37 195 190 195 141 141 1 1 1 1 1 1 141 36 36 36 1 141 1 5 5 143 176 12 142 61 5 1 121 37 176 176 141 1 5 141 141 141 141 1 5 190 141 141 141 141 190 190 190 190 141 142 142 141 141 190 190 190 5 1 5 5 5 5 190 176 190 141 1 1 141 141 36 141 176 36 1 1 5 1 36 36 36 141 141 141 141 141 141 141 141 141 141 176 190
36 142 195 176 111 111 195 36 1 1 1 1 1 36 36 36 37 141 141 141 141 5 176 1 176 190 57 5 5 121 37 142 141 142 1 5 24 24 121 37 176 1 190 190 190 190 141 141 143 190 190 141 1 141 141 190 141 190 141 5 5 1 5 5 141 141 36 190 190 142 36 36 141 36 141 176 36 1 1 37 1 36 176 37 176 36 36 141 141 141 141 141 141 141 37 141
37 176 141 141 142 111 141 36 36 1 36 141 1 36 141 176 141 142 190 141 141 141 141 121 121 141 141 190 1 121 37 176 143 142 5 1 24 24 121 36 37 190 190 141 190 195 143 141 141 190 190 141 1 141 190 141 141 5 141 12 12 43 12 12 12 12 1 5 142 142 37 36 141 36 141 176 141 36 141 1 36 1 1 36 37 141 190 190 141 141 141 141 141 141 36 190
36 36 36 142 190 141 190 141 36 176 141 141 141 141 195 141 1 37 141 141 141 141 141 141 143 141 141 141 195 176 1 141 141 141 36 121 142 142 141 1 1 190 190 190 190 195 141 141 195 190 36 36 141 141 141 1 1 5 1 12 12 43 43 1 12 12 1 1 1 142 141 141 121 141 176 1 141 190 176 1 36 36 141 1 36 176 1 190 141 141 141 141 141 141 141 190
36 36 36 141 141 141 142 195 141 190 111 190 141 141 141 37 1 1 176 141 141 141 141 141 141 141 190 142 141 121 141 141 141 141 121 141 142 142 121 1 1 142 190 143 190 195 141 141 141 141 141 141 190 121 190 1 5 5 5 190 5 5 5 5 5 43 43 43 1 1 121 176 141 141 121 176 1 36 36 142 142 190 142 141 141 141 141 190 141 141 36 36 141 141 190 190
141 121 122 176 141 190 190 141 1 143 111 111 190 190 141 1 37 141 141 141 141 141 141 141 141 141 141 1 1 143 141 141 190 121 195 141 190 141 141 141 195 111 190 141 141 141 141 37 195 141 190 190 190 111 111 111 36 141 141 141 141 111 5 5 1 43 43 1 36 37 1 1 141 141 36 36 141 36 141 142 142 176 141 141 141 141 37 141 190 141 141 36 141 141 121 141
190 1 36 176 141 142 190 121 195 141 190 190 141 195 141 36 176 61 141 141 141 141 141 36 141 141 1 1 141 141 141 37 121 141 176 1 141 1 195 195 111 111 190 141 190 195 141 190 141 141 141 141 36 141 141 141 141 36 36 5 190 141 190 152 141 195 36 1 1 1 1 1 141 190 141 142 1 195 121 36 190 143 141 141 121 141 141 143 176 141 141 141 190 190 141 141
36 1 36 141 141 190 190 141 141 190 190 1 190 143 36 36 141 141 141 141 143 37 141 176 1 1 24 1 1 1 24 24 1 36 195 1 142 142 141 141 141 195 190 190 195 195 195 37 141 176 1 1 1 36 141 141 141 195 1 5 142 141 141 141 190 111 190 1 1 1 1 36 141 141 143 36 1 36 1 36 36 141 141 190 141 141 190 121 5 141 190 1 190 176 141 141
1 36 36 36 36 141 141 141 143 142 141 190 141 36 141 1 176 141 143 141 141 1 142 142 176 1 1 1 1 1 24 176 1 36 1 36 141 195 141 141 141 190 141 141 37 37 141 1 43 43 5 5 36 141 141 141 141 142 141 1 195 1 1 1 1 142 1 1 1 1 190 190 1 1 143 141 1 141 141 1 141 141 141 141 121 142 190 143 141 141 1 1 1 190 141 141
141 1 36 36 36 141 141 141 143 142 190 190 141 37 1 36 142 141 141 195 142 141 1 141 141 1 176 36 1 122 122 1 1 5 1 1 141 176 142 1 1 141 1 141 195 141 1 1 43 1 1 5 36 195 141 141 1 5 142 5 142 142 1 195 142 1 36 1 1 5 1 1 1 1 190 141 141 141 141 141 141 176 37 36 195 141 142 141 36 141 141 141 190 190 141 190
141 141 1 1 1 36 152 176 143 141 141 195 141 152 1 36 142 190 141 141 36 37 1 176 1 1 1 176 1 1 1 1 1 1 1 36 36 1 1 141 141 1 36 121 121 121 1 121 36 121 121 195 195 141 1 141 176 176 190 1 142 142 142 141 141 1 195 195 36 176 1 121 141 141 190 141 141 141 141 121 141 36 141 141 190 143 141 141 141 141 141 141 141 190 141 141
141 1 1 36 1 36 36 141 141 141 36 141 190 141 141 1 121 37 176 142 36 1 141 141 1 1 1 141 1 1 1 1 36 1 36 176 36 1 1 141 141 142 142 141 141 1 141 195 36 176 142 190 142 141 141 36 37 176 36 141 142 141 141 142 142 195 141 141 142 142 141 141 36 1 141 190 190 36 122 1 1 24 141 141 142 142 36 176 36 141 141 142 141 141 121 121
36 12 12 1 1 1 141 141 141 141 190 141 141 143 141 1 27 37 36 36 1 121 1 36 5 1 1 176 36 36 1 1 111 1 141 141 58 141 36 1 1 141 190 141 141 141 141 141 1 36 36 141 190 143 143 36 36 1 141 142 190 142 142 141 141 142 141 141 142 142 1 141 36 36 143 190 190 121 36 141 141 190 141 190 190 141 1 36 1 141 1 190 195 190 143 141
12 12 12 1 1 1 1 1 141 141 141 141 141 141 36 121 36 36 36 176 176 1 1 1 1 1 121 141 176 176 1 1 141 111 195 142 141 190 1 36 1 36 1 36 36 141 1 141 142 142 142 141 141 141 143 36 5 5 5 111 111 190 141 142 141 141 111 190 143 36 37 141 176 36 141 190 121 143 141 36 36 143 141 190 141 141 141 24 1 176 1 70 1 142 141 141
12 12 12 141 1 1 1 176 36 141 141 141 190 141 121 141 36 36 36 141 141 1 1 1 142 36 1 1 141 176 5 5 142 1 141 176 1 1 1 36 36 1 1 1 36 36 141 142 190 142 141 141 141 141 143 36 190 190 190 190 190 141 141 143 141 141 190 141 142 36 36 176 1 1 141 141 142 141 141 141 141 141 141 141 1 1 141 37 1 141 1 1 176 141 141 141
12 12 12 1 1 1 1 176 36 36 141 190 141 142 141 141 141 36 36 141 141 36 1 176 142 36 1 1 176 176 176 142 142 176 121 142 141 1 1 36 36 53 141 36 36 141 143 195 141 141 141 141 190 37 141 141 111 111 143 141 141 190 141 141 141 141 111 142 176 176 141 141 141 190 141 142 141 195 141 121 121 121 190 190 1 1 141 141 36 36 141 1 1 141 176 141
1 1 1 12 12 1 12 53 36 36 43 43 141 143 141 141 141 141 141 141 141 141 141 141 36 36 195 141 141 152 122 122 176 176 141 142 36 1 1 36 36 37 190 141 141 141 1 1 176 1 1 142 141 1 24 141 176 176 141 36 36 142 141 142 141 141 141 141 36 141 141 141 141 141 36 142 143 141 141 143 141 141 143 143 176 176 143 141 36 36 176 1 1 141 141 141
1 12 1 12 12 1 1 37 43 43 43 43 1 121 141 141 141 141 141 36 141 141 37 27 141 141 143 111 141 141 141 141 141 141 176 176 143 1 1 36 190 141 141 141 141 143 141 141 36 1 1 142 190 141 143 141 1 24 24 36 1 142 190 141 141 141 141 141 141 141 141 141 190 36 36 141 141 141 141 1 141 141 143 141 141 141 190 141 121 1 121 1 1 141 190 141
1 1 1 12 12 1 1 1 5 5 5 5 36 121 141 141 142 142 141 152 141 141 1 141 111 111 27 36 37 121 141 36 141 141 141 141 176 1 141 141 190 141 141 1 1 1 141 141 176 141 142 190 141 141 141 141 176 1 1 36 36 37 141 141 143 190 190 141 141 190 141 190 141 36 36 141 27 141 121 1 141 141 141 141 141 176 195 176 141 1 1 1 176 190 141 141
1 1 1 12 12 36 36 1 1 5 5 5 12 12 141 141 141 142 142 190 141 142 141 111 141 176 152 121 141 141 141 141 190 190 176 143 141 141 141 141 141 36 176 141 36 36 36 36 142 142 142 141 141 141 190 190 190 1 28 142 142 141 141 190 190 143 190 141 190 190 141 141 36 36 36 190 27 190 27 1 141 141 141 141 141 141 141 141 141 141 1 1 1 141 141 141
122 121 121 37 1 36 36 36 1 1 5 5 1 12 12 176 141 190 190 190 141 141 141 141 121 121 141 141 141 141 141 141 152 36 141 141 190 141 141 141 141 36 141 36 1 1 1 141 141 141 176 176 1 190 190 190 141 141 27 143 190 190 190 141 190 190 190 190 190 141 176 36 36 37 1 1 1 1 1 141 190 190 190 190 190 143 190 190 141 141 190 141 141 190 141 141
1 121 36 43 176 1 12 1 176 43 122 122 121 122 122 195 141 141 190 176 141 121 122 195 195 141 141 141 141 141 141 141 141 141 141 141 141 1 190 141 141 1 176 141 141 141 36 141 36 36 1 36 36 141 190 190 141 141 141 190 190 190 190 190 190 190 190 141 142 36 36 36 36 36 36 176 176 143 36 190 190 190 143 190 111 190 190 190 141 141 190 141 141 190 143 1
1 121 36 36 1 12 12 121 42 43 43 43 1 12 36 141 141 121 122 123 141 141 122 141 141 190 141 141 141 141 141 190 141 141 141 190 141 141 141 141 141 190 141 190 190 141 141 1 1 36 141 37 141 141 190 141 190 141 36 190 190 141 141 141 190 143 36 1 141 36 1 1 1 1 1 1 1 1 36 143 190 141 141 190 1 1 141 141 141 141 111 141 190 141 141 141
12 12 1 1 1 1 12 5 37 43 43 43 1 12 12 141 141 141 141 142 122 141 121 141 176 141 122 141 36 141 141 190 141 141 141 141 141 141 141 141 176 111 190 141 176 36 1 1 36 36 1 36 141 141 141 190 141 141 141 141 143 141 141 141 36 176 142 1 141 36 121 1 1 1 1 141 141 36 36 190 141 141 141 190 142 1 195 190 141 141 141 190 190 141 141 141
12 12 1 1 1 12 1 1 43 43 43 43 12 12 1 141 190 141 141 176 1 122 124 36 176 142 122 37 176 141 141 141 142 141 141 141 141 141 141 141 141 121 121 195 142 36 36 36 36 121 122 121 141 141 141 141 141 121 121 121 121 121 121 121 122 122 121 121 121 121 121 121 121 1 121 190 190 36 36 190 190 190 190 1 1 1 1 141 141 141 141 36 37 141 141 190
5 141 1 1 1 122 1 1 43 43 43 43 12 12 1 141 141 190 141 141 36 176 141 176 176 141 1 141 1 121 1 121 122 141 141 1 1 176 141 121 142 190 1 1 36 36 176 36 36 36 36 36 37 36 36 36 36 36 141 141 141 1 36 1 36 176 141 141 24 1 1 1 1 141 141 1 141 1 1 143 143 190 176 190 1 1 1 141 141 141 121 36 36 141 143 143
5 5 1 1 1 1 176 1 43 43 43 43 12 12 1 1 141 36 141 141 176 37 1 12 1 1 1 1 36 176 142 142 141 141 141 1 141 141 176 195 141 141 1 1 36 141 190 1 1 36 36 141 4 141 141 58 143 176 141 141 141 141 1 141 141 176 141 143 1 1 1 1 141 141 141 1 1 1 1 1 36 143 176 176 1 195 42 190 190 141 121 36 142 176 141 141
5 5 1 1 1 1 1 1 43 43 43 43 12 12 1 1 141 1 143 176 1 121 1 5 5 5 1 141 36 141 141 36 141 141 141 5 5 1 141 176 141 141 141 176 36 195 176 36 1 36 1 141 36 36 36 141 141 1 141 143 141 141 141 141 141 141 141 141 36 36 36 1 176 141 141 1 1 1 1 1 36 190 36 36 1 1 1 1 36 36 1 1 141 36 143 141
